   ------------------------------------------------------------
  | Welcome to ROOT 6.08/00                http://root.cern.ch |
  |                               (c) 1995-2016, The ROOT Team |
  | Built for linuxx8664gcc                                    |
  | From tag v6-08-00, 4 November 2016                         |
  | Try '.help', '.demo', '.license', '.credits', '.quit'/'.q' |
   ------------------------------------------------------------


Processing offlinemlhfit.C...

[1mRooFit v3.60 -- Developed by Wouter Verkerke and David Kirkby[0m 
                Copyright (C) 2000-2013 NIKHEF, University of California & Stanford University
                All rights reserved, please read http://roofit.sourceforge.net/license.txt

mlhfitv4("Ag130","../../fittrees/outreeAg130.root","../../fitparms/parmsAg130.txt","../../fitresultmlh/fitresultAg130.root")
19	120	0	500
20	10	0	200
21	5	0	100
22	5	0	100
23	0	0	1
parm 0	16.5035	16.1106	6.93147e-12	48.7246	0
parm 1	4.27869	0.184882	3.90892	4.64845	1
parm 2	4.50096	0.058454	4.38405	4.61786	1
parm 3	2.39016	0.164839	2.06049	2.71984	1
parm 4	1.13445	0.00928353	1.11588	1.15301	1
parm 5	2.47553	0.353647	1.76823	3.18282	1
parm 6	0.0031055	5.84368e-05	0.00298862	0.00322237	1
parm 7	0.00518047	9.29233e-05	0.00499463	0.00536632	1
parm 8	0.825175	0.0589411	0.707293	0.943057	1
parm 9	0.5	0.5	0	1	0
parm 10	0.5	0.5	0	1	0
parm 11	0.01	0.01	0	1	0
parm 12	0.0093	0.0013	0	1	1
parm 13	0.0023	0.0007	0	1	1
parm 14	0	0	0	1	1
parm 15	0	0	0	1	1
parm 16	0	0	0	1	1
parm 17	0.00046	0.00046	0	1	1
parm 18	0.4	0.5	0	1	0
parm 19	120	120	0	500	0
parm 20	10	10	0	200	0
parm 21	5	5	0	100	0
parm 22	5	5	0	100	0
parm 23	0	0	0	1	1


**************Setting parameters....

variable value p0	val 16.5035	min=6.93147e-12	max=48.7246
fixed value p1	val=4.27869
fixed value p2	val=4.50096
fixed value p3	val=2.39016
fixed value p4	val=1.13445
fixed value p5	val=2.47553
fixed value p6	val=0.0031055
fixed value p7	val=0.00518047
fixed value p8	val=0.825175
variable value p9	val 0.5	min=0	max=1
variable value p10	val 0.5	min=0	max=1
variable value p11	val 0.01	min=0	max=1
fixed value p12	val=0.0093
fixed value p13	val=0.0023
fixed value p14	val=0
fixed value p15	val=0
fixed value p16	val=0
fixed value p17	val=0.00046
variable value p18	val 0.4	min=0	max=1
variable value p19	val 120	min=0	max=500
variable value p20	val 10	min=0	max=200
variable value p21	val 5	min=0	max=100
variable value p22	val 5	min=0	max=100
fixed value p23	val=0
[#1] INFO:DataHandling -- RooAbsCategory::attachToTree(y) TTree branch y will be interpreted as category index
[#1] INFO:Eval -- RooTreeDataStore::loadValues(data) Ignored 8774 out of range events
RooDataSet::data[y,x] = 9406 entries
[#1] INFO:NumericIntegration -- RooRealIntegral::init(signal_Int[x,y]) using numeric integrator RooIntegrator1D to calculate Int(x)
[#1] INFO:Minization -- RooMinimizer::optimizeConst: activating const optimization
 **********
 **    1 **SET PRINT           1
 **********
 **********
 **    2 **SET NOGRAD
 **********
 PARAMETER DEFINITIONS:
    NO.   NAME         VALUE      STEP SIZE      LIMITS
     1 p0           1.65035e+01  4.87246e+00    6.93147e-12  4.87246e+01
     2 p10          5.00000e-01  1.00000e-01    0.00000e+00  1.00000e+00
     3 p11          1.00000e-02  5.00000e-03    0.00000e+00  1.00000e+00
     4 p18          4.00000e-01  1.00000e-01    0.00000e+00  1.00000e+00
     5 p19          1.20000e+02  5.00000e+01    0.00000e+00  5.00000e+02
     6 p20          1.00000e+01  5.00000e+00    0.00000e+00  2.00000e+02
     7 p21          5.00000e+00  2.50000e+00    0.00000e+00  1.00000e+02
     8 p22          5.00000e+00  2.50000e+00    0.00000e+00  1.00000e+02
     9 p9           5.00000e-01  1.00000e-01    0.00000e+00  1.00000e+00
 **********
 **    3 **SET ERR         0.5
 **********
 **********
 **    4 **SET PRINT           1
 **********
 **********
 **    5 **SET STR           1
 **********
 NOW USING STRATEGY  1: TRY TO BALANCE SPEED AGAINST RELIABILITY
 **********
 **    6 **MIGRAD        4500           1
 **********
 FIRST CALL TO USER FUNCTION AT NEW START POINT, WITH IFLAG=4.
 START MIGRAD MINIMIZATION.  STRATEGY  1.  CONVERGENCE WHEN EDM .LT. 1.00e-03
 FCN=24318.1 FROM MIGRAD    STATUS=INITIATE       96 CALLS          97 TOTAL
                     EDM= unknown      STRATEGY= 1      NO ERROR MATRIX       
  EXT PARAMETER               CURRENT GUESS       STEP         FIRST   
  NO.   NAME      VALUE            ERROR          SIZE      DERIVATIVE 
   1  p0           2.38307e+00   4.87246e+00   0.00000e+00  -1.63673e+03
   2  p10          5.00000e-01   1.00000e-01   0.00000e+00   1.24606e+02
   3  p11          1.00000e-02   5.00000e-03   0.00000e+00   1.60970e+00
   4  p18          4.00000e-01   1.00000e-01   0.00000e+00   2.54815e+02
   5  p19          1.20000e+02   5.00000e+01   0.00000e+00   3.51358e+01
   6  p20          1.00000e+01   5.00000e+00   0.00000e+00  -9.54868e+03
   7  p21          5.00000e+00   2.50000e+00   0.00000e+00   4.23711e+03
   8  p22          5.00000e+00   2.50000e+00   0.00000e+00   5.22547e+03
   9  p9           2.88947e-02   1.00000e-01  -1.22917e+00   2.24006e+01
                               ERR DEF= 0.5
 MIGRAD MINIMIZATION HAS CONVERGED.
 MIGRAD WILL VERIFY CONVERGENCE AND ERROR MATRIX.
 COVARIANCE MATRIX CALCULATED SUCCESSFULLY
 FCN=21114.5 FROM MIGRAD    STATUS=CONVERGED     765 CALLS         766 TOTAL
                     EDM=6.96254e-05    STRATEGY= 1      ERROR MATRIX ACCURATE 
  EXT PARAMETER                                   STEP         FIRST   
  NO.   NAME      VALUE            ERROR          SIZE      DERIVATIVE 
   1  p0           1.76155e+01   2.27745e+00   1.81233e-03   1.19043e-01
   2  p10          2.42865e-01   6.75429e-02   1.09065e-02  -2.98237e-02
   3  p11          1.86439e-08   1.06771e-01   6.43830e-02** at limit **
   4  p18          1.08011e-02   1.08752e-02   1.02051e-02   5.02359e-02
   5  p19          3.70498e+02   1.35588e+02   5.08900e-03  -3.90703e-02
   6  p20          1.22030e+01   4.90091e+00   7.13823e-04  -4.46540e-02
   7  p21          6.39660e-01   2.59933e-01   4.72734e-04   6.08219e-01
   8  p22          2.12086e-01   8.76396e-02   4.51507e-04   6.19873e-01
   9  p9           5.94659e-01   5.38656e-02   9.80396e-03  -3.57145e-02
                               ERR DEF= 0.5
 EXTERNAL ERROR MATRIX.    NDIM=  25    NPAR=  9    ERR DEF=0.5
  5.203e+00 -1.046e-01  3.223e-06  2.082e-04  5.196e+01 -2.769e+00 -1.446e-01 -4.612e-02  4.600e-02 
 -1.046e-01  4.600e-03  1.370e-06 -1.204e-05 -1.089e+00  5.587e-02  3.172e-03  9.230e-04 -1.032e-03 
  3.223e-06  1.370e-06  8.263e-09 -2.436e-09  1.956e-05 -1.487e-06 -8.518e-08 -2.931e-08  3.314e-08 
  2.082e-04 -1.204e-05 -2.436e-09  1.187e-04 -3.093e-03  2.732e-05 -3.135e-06  1.899e-05  1.245e-04 
  5.196e+01 -1.089e+00  1.956e-05 -3.093e-03  2.138e+04  6.572e+02  3.449e+01  1.147e+01  5.237e-01 
 -2.769e+00  5.587e-02 -1.487e-06  2.732e-05  6.572e+02  2.410e+01  1.262e+00  4.179e-01 -2.493e-02 
 -1.446e-01  3.172e-03 -8.518e-08 -3.135e-06  3.449e+01  1.262e+00  6.759e-02  2.191e-02 -1.129e-03 
 -4.612e-02  9.230e-04 -2.931e-08  1.899e-05  1.147e+01  4.179e-01  2.191e-02  7.682e-03 -3.789e-04 
  4.600e-02 -1.032e-03  3.314e-08  1.245e-04  5.237e-01 -2.493e-02 -1.129e-03 -3.789e-04  2.913e-03 
 PARAMETER  CORRELATION COEFFICIENTS  
       NO.  GLOBAL      1      2      3      4      5      6      7      8      9
        1  0.98265   1.000 -0.676  0.016  0.008  0.156 -0.247 -0.244 -0.231  0.374
        2  0.72635  -0.676  1.000  0.222 -0.016 -0.110  0.168  0.180  0.155 -0.282
        3  0.32019   0.016  0.222  1.000 -0.002  0.001 -0.003 -0.004 -0.004  0.007
        4  0.26309   0.008 -0.016 -0.002  1.000 -0.002  0.001 -0.001  0.020  0.212
        5  0.99710   0.156 -0.110  0.001 -0.002  1.000  0.916  0.907  0.895  0.066
        6  0.99759  -0.247  0.168 -0.003  0.001  0.916  1.000  0.989  0.971 -0.094
        7  0.98951  -0.244  0.180 -0.004 -0.001  0.907  0.989  1.000  0.962 -0.080
        8  0.97173  -0.231  0.155 -0.004  0.020  0.895  0.971  0.962  1.000 -0.080
        9  0.45716   0.374 -0.282  0.007  0.212  0.066 -0.094 -0.080 -0.080  1.000
 **********
 **    7 **SET ERR         0.5
 **********
 **********
 **    8 **SET PRINT           1
 **********
 **********
 **    9 **HESSE        4500
 **********
 COVARIANCE MATRIX CALCULATED SUCCESSFULLY
 FCN=21114.5 FROM HESSE     STATUS=OK             79 CALLS         845 TOTAL
                     EDM=8.94923e-05    STRATEGY= 1      ERROR MATRIX ACCURATE 
  EXT PARAMETER                                INTERNAL      INTERNAL  
  NO.   NAME      VALUE            ERROR       STEP SIZE       VALUE   
   1  p0           1.76155e+01   2.46622e+00   7.24930e-05  -2.80603e-01
   2  p10          2.42865e-01   1.07212e-01   2.18131e-03  -2.60144e+00
   3  p11          1.86439e-08   6.20621e-02   5.00000e-01  -1.57052e+00
                                 WARNING -   - ABOVE PARAMETER IS AT LIMIT.
   4  p18          1.08011e-02   1.09164e-02   4.08204e-04  -1.77903e+00
   5  p19          3.70498e+02   2.83399e+02   2.03560e-04   5.02925e-01
   6  p20          1.22030e+01   3.01490e+01   2.85529e-05  -1.07161e+00
   7  p21          6.39660e-01   1.69733e+00   9.45468e-05  -1.41067e+00
   8  p22          2.12086e-01   5.65936e-01   9.03014e-05  -1.47866e+00
   9  p9           5.94659e-01   5.82093e-02   1.96079e-03   1.90467e-01
                               ERR DEF= 0.5
 EXTERNAL ERROR MATRIX.    NDIM=  25    NPAR=  9    ERR DEF=0.5
  6.105e+00 -1.406e-01 -1.488e-05  3.269e-04 -1.564e+02 -1.043e+01 -5.456e-01 -1.788e-01  5.881e-02 
 -1.406e-01  1.174e-02  5.761e-06 -7.515e-05  3.586e+00  2.459e-01  1.298e-02  4.170e-03 -2.896e-03 
 -1.488e-05  5.761e-06  4.727e-09 -5.285e-08  3.511e-04  2.846e-05  1.367e-06  4.538e-07 -1.374e-06 
  3.269e-04 -7.515e-05 -5.285e-08  1.196e-04 -6.991e-03 -2.447e-04 -1.610e-05  1.450e-05  1.429e-04 
 -1.564e+02  3.586e+00  3.511e-04 -6.991e-03  9.679e+05  3.201e+04  1.679e+03  5.567e+02 -1.470e+00 
 -1.043e+01  2.459e-01  2.846e-05 -2.447e-04  3.201e+04  1.064e+03  5.577e+01  1.849e+01 -1.029e-01 
 -5.456e-01  1.298e-02  1.367e-06 -1.610e-05  1.679e+03  5.577e+01  2.926e+00  9.696e-01 -5.180e-03 
 -1.788e-01  4.170e-03  4.538e-07  1.450e-05  5.567e+02  1.849e+01  9.696e-01  3.219e-01 -1.718e-03 
  5.881e-02 -2.896e-03 -1.374e-06  1.429e-04 -1.470e+00 -1.029e-01 -5.180e-03 -1.718e-03  3.404e-03 
 PARAMETER  CORRELATION COEFFICIENTS  
       NO.  GLOBAL      1      2      3      4      5      6      7      8      9
        1  0.98523   1.000 -0.525 -0.088  0.012 -0.064 -0.129 -0.129 -0.128  0.408
        2  0.90273  -0.525  1.000  0.773 -0.063  0.034  0.070  0.070  0.068 -0.458
        3  0.86450  -0.088  0.773  1.000 -0.070  0.005  0.013  0.012  0.012 -0.342
        4  0.27670   0.012 -0.063 -0.070  1.000 -0.001 -0.001 -0.001  0.002  0.224
        5  0.99994  -0.064  0.034  0.005 -0.001  1.000  0.998  0.998  0.997 -0.026
        6  0.99995  -0.129  0.070  0.013 -0.001  0.998  1.000  1.000  0.999 -0.054
        7  0.99976  -0.129  0.070  0.012 -0.001  0.998  1.000  1.000  0.999 -0.052
        8  0.99933  -0.128  0.068  0.012  0.002  0.997  0.999  0.999  1.000 -0.052
        9  0.56843   0.408 -0.458 -0.342  0.224 -0.026 -0.054 -0.052 -0.052  1.000
[#1] INFO:Minization -- RooMinimizer::optimizeConst: deactivating const optimization
[#1] INFO:Plotting -- RooTreeData::plotOn: plotting 8735 events out of 9406 total events
[#1] INFO:Plotting -- RooAbsReal::plotOn(signal) plot on x represents a slice in (y)
[#1] INFO:NumericIntegration -- RooRealIntegral::init(signal_Int[x,y]) using numeric integrator RooIntegrator1D to calculate Int(x)
[#1] INFO:Plotting -- RooTreeData::plotOn: plotting 562 events out of 9406 total events
[#1] INFO:Plotting -- RooAbsReal::plotOn(signal) plot on x represents a slice in (y)
[#1] INFO:NumericIntegration -- RooRealIntegral::init(signal_Int[x,y]) using numeric integrator RooIntegrator1D to calculate Int(x)
[#1] INFO:Plotting -- RooTreeData::plotOn: plotting 109 events out of 9406 total events
[#1] INFO:Plotting -- RooAbsReal::plotOn(signal) plot on x represents a slice in (y)
[#1] INFO:NumericIntegration -- RooRealIntegral::init(signal_Int[x,y]) using numeric integrator RooIntegrator1D to calculate Int(x)

********************SUMARRY***************
T1/2= 0.0393486 +/- 0.00550891
P1n= 0.594659 +/- 0.0582093
P2n= 0.0108011 +/- 0.0109164

0.0393486	0.00550891
0.594659	0.0582093
0.0108011	0.0109164
mlhfitv4("Ag131","../../fittrees/outreeAg131.root","../../fitparms/parmsAg131.txt","../../fitresultmlh/fitresultAg131.root")
19	120	0	500
20	10	0	200
21	5	0	100
22	5	0	100
23	0	0	1
parm 0	19.8042	19.2384	6.93147e-12	58.2809	0
parm 1	7.07293	0.0144346	7.04406	7.1018	1
parm 2	4.27869	0.184882	3.90892	4.64845	1
parm 3	2.47553	0.265235	1.94506	3.006	1
parm 4	2.39016	0.164839	2.06049	2.71984	1
parm 5	4.50096	0.058454	4.38405	4.61786	1
parm 6	0.0123776	0.000110515	0.0121566	0.0125987	1
parm 7	0.0031055	5.84368e-05	0.00298862	0.00322237	1
parm 8	1.13445	0.00928353	1.11588	1.15301	1
parm 9	0.5	0.5	0	1	0
parm 10	0.5	0.5	0	1	0
parm 11	0.035	0.01	0	1	1
parm 12	0.02	0.003	0	1	1
parm 13	0.0093	0.0013	0	1	1
parm 14	0.5	0.5	0	1	0
parm 15	0	0	0	1	1
parm 16	0	0	0	1	1
parm 17	0.0023	0.0007	0	1	1
parm 18	0.4	0.5	0	1	0
parm 19	120	120	0	500	0
parm 20	10	10	0	200	0
parm 21	5	5	0	100	0
parm 22	5	5	0	100	0
parm 23	0	0	0	1	1


**************Setting parameters....

variable value p0	val 19.8042	min=6.93147e-12	max=58.2809
fixed value p1	val=7.07293
fixed value p2	val=4.27869
fixed value p3	val=2.47553
fixed value p4	val=2.39016
fixed value p5	val=4.50096
fixed value p6	val=0.0123776
fixed value p7	val=0.0031055
fixed value p8	val=1.13445
variable value p9	val 0.5	min=0	max=1
variable value p10	val 0.5	min=0	max=1
fixed value p11	val=0.035
fixed value p12	val=0.02
fixed value p13	val=0.0093
variable value p14	val 0.5	min=0	max=1
fixed value p15	val=0
fixed value p16	val=0
fixed value p17	val=0.0023
variable value p18	val 0.4	min=0	max=1
variable value p19	val 120	min=0	max=500
variable value p20	val 10	min=0	max=200
variable value p21	val 5	min=0	max=100
variable value p22	val 5	min=0	max=100
fixed value p23	val=0
[#1] INFO:DataHandling -- RooAbsCategory::attachToTree(y) TTree branch y will be interpreted as category index
[#1] INFO:Eval -- RooTreeDataStore::loadValues(data) Ignored 1388 out of range events
RooDataSet::data[y,x] = 1611 entries
[#1] INFO:NumericIntegration -- RooRealIntegral::init(signal_Int[x,y]) using numeric integrator RooIntegrator1D to calculate Int(x)
[#1] INFO:Minization -- RooMinimizer::optimizeConst: activating const optimization
 **********
 **   10 **SET PRINT           1
 **********
 **********
 **   11 **SET NOGRAD
 **********
 PARAMETER DEFINITIONS:
    NO.   NAME         VALUE      STEP SIZE      LIMITS
     1 p0           1.98042e+01  5.82809e+00    6.93147e-12  5.82809e+01
     2 p10          5.00000e-01  1.00000e-01    0.00000e+00  1.00000e+00
     3 p14          5.00000e-01  1.00000e-01    0.00000e+00  1.00000e+00
     4 p18          4.00000e-01  1.00000e-01    0.00000e+00  1.00000e+00
     5 p19          1.20000e+02  5.00000e+01    0.00000e+00  5.00000e+02
     6 p20          1.00000e+01  5.00000e+00    0.00000e+00  2.00000e+02
     7 p21          5.00000e+00  2.50000e+00    0.00000e+00  1.00000e+02
     8 p22          5.00000e+00  2.50000e+00    0.00000e+00  1.00000e+02
     9 p9           5.00000e-01  1.00000e-01    0.00000e+00  1.00000e+00
 **********
 **   12 **SET ERR         0.5
 **********
 **********
 **   13 **SET PRINT           1
 **********
 **********
 **   14 **SET STR           1
 **********
 NOW USING STRATEGY  1: TRY TO BALANCE SPEED AGAINST RELIABILITY
 **********
 **   15 **MIGRAD        4500           1
 **********
 FIRST CALL TO USER FUNCTION AT NEW START POINT, WITH IFLAG=4.
 START MIGRAD MINIMIZATION.  STRATEGY  1.  CONVERGENCE WHEN EDM .LT. 1.00e-03
 FCN=4161.47 FROM MIGRAD    STATUS=INITIATE       72 CALLS          73 TOTAL
                     EDM= unknown      STRATEGY= 1      NO ERROR MATRIX       
  EXT PARAMETER               CURRENT GUESS       STEP         FIRST   
  NO.   NAME      VALUE            ERROR          SIZE      DERIVATIVE 
   1  p0           4.39581e+00   5.82809e+00  -6.88236e-01   1.06421e+01
   2  p10          5.00000e-01   1.00000e-01   0.00000e+00   7.33678e+00
   3  p14          5.00000e-01   1.00000e-01   0.00000e+00   3.82659e+01
   4  p18          4.00000e-01   1.00000e-01   0.00000e+00   1.15405e+02
   5  p19          1.20000e+02   5.00000e+01   0.00000e+00  -1.64008e+02
   6  p20          1.00000e+01   5.00000e+00   0.00000e+00  -1.76591e+03
   7  p21          5.00000e+00   2.50000e+00   0.00000e+00   1.00325e+03
   8  p22          5.00000e+00   2.50000e+00   0.00000e+00   1.16439e+03
   9  p9           5.00000e-01   1.00000e-01   0.00000e+00   4.10971e+01
                               ERR DEF= 0.5
[#0] WARNING:Minization -- RooMinimizerFcn: Minimized function has error status.
Returning maximum FCN so far (8103.05) to force MIGRAD to back out of this region. Error log follows
Parameter values: p0=4.49287, p10=0.0579381, p14=0.509627, p18=0.977368, p19=49.3658, p20=0.221091, p21=39.6923, p22=54.7427, p9=0.731315
RooNLLVar::nll_signal_data[ paramSet=(neueff,p0,p1,p10,p11,p12,p13,p14,p15,p16,p17,p18,p19,p2,p20,p21,p22,p23,p3,p4,p5,p6,p7,p8,p9) ]
     function value is NAN @ paramSet=(neueff = 0.613384,p0 = 4.49287,p1 = 7.07293,p10 = 0.0579381,p11 = 0.035,p12 = 0.02,p13 = 0.0093,p14 = 0.509627,p15 = 0,p16 = 0,p17 = 0.0023,p18 = 0.977368,p19 = 49.3658,p2 = 4.27869,p20 = 0.221091,p21 = 39.6923,p22 = 54.7427,p23 = 0,p3 = 2.47553,p4 = 2.39016,p5 = 4.50096,p6 = 0.0123776,p7 = 0.0031055,p8 = 1.13445,p9 = 0.731315)
fitF::signal[ x=x y=y neueff=neueff p0=p0 p1=p1 p2=p2 p3=p3 p4=p4 p5=p5 p6=p6 p7=p7 p8=p8 p9=p9 p10=p10 p11=p11 p12=p12 p13=p13 p14=p14 p15=p15 p16=p16 p17=p17 p18=p18 p19=p19 p20=p20 p21=p21 p22=p22 p23=p23 ]
     p.d.f value is less than zero (-7.823217), forcing value to zero @ x=x=0.05, y=y=0neu(idx = 0)
, neueff=neueff=0.613384, p0=p0=4.49287, p1=p1=7.07293, p2=p2=4.27869, p3=p3=2.47553, p4=p4=2.39016, p5=p5=4.50096, p6=p6=0.0123776, p7=p7=0.0031055, p8=p8=1.13445, p9=p9=0.731315, p10=p10=0.0579381, p11=p11=0.035, p12=p12=0.02, p13=p13=0.0093, p14=p14=0.509627, p15=p15=0, p16=p16=0, p17=p17=0.0023, p18=p18=0.977368, p19=p19=49.3658, p20=p20=0.221091, p21=p21=39.6923, p22=p22=54.7427, p23=p23=0
     p.d.f value is less than zero (-1.268363), forcing value to zero @ x=x=0.120313, y=y=0neu(idx = 0)
, neueff=neueff=0.613384, p0=p0=4.49287, p1=p1=7.07293, p2=p2=4.27869, p3=p3=2.47553, p4=p4=2.39016, p5=p5=4.50096, p6=p6=0.0123776, p7=p7=0.0031055, p8=p8=1.13445, p9=p9=0.731315, p10=p10=0.0579381, p11=p11=0.035, p12=p12=0.02, p13=p13=0.0093, p14=p14=0.509627, p15=p15=0, p16=p16=0, p17=p17=0.0023, p18=p18=0.977368, p19=p19=49.3658, p20=p20=0.221091, p21=p21=39.6923, p22=p22=54.7427, p23=p23=0
     p.d.f value is less than zero (-4.312471), forcing value to zero @ x=x=0.0851563, y=y=0neu(idx = 0)
, neueff=neueff=0.613384, p0=p0=4.49287, p1=p1=7.07293, p2=p2=4.27869, p3=p3=2.47553, p4=p4=2.39016, p5=p5=4.50096, p6=p6=0.0123776, p7=p7=0.0031055, p8=p8=1.13445, p9=p9=0.731315, p10=p10=0.0579381, p11=p11=0.035, p12=p12=0.02, p13=p13=0.0093, p14=p14=0.509627, p15=p15=0, p16=p16=0, p17=p17=0.0023, p18=p18=0.977368, p19=p19=49.3658, p20=p20=0.221091, p21=p21=39.6923, p22=p22=54.7427, p23=p23=0
     p.d.f value is less than zero (-6.009443), forcing value to zero @ x=x=0.0675781, y=y=0neu(idx = 0)
, neueff=neueff=0.613384, p0=p0=4.49287, p1=p1=7.07293, p2=p2=4.27869, p3=p3=2.47553, p4=p4=2.39016, p5=p5=4.50096, p6=p6=0.0123776, p7=p7=0.0031055, p8=p8=1.13445, p9=p9=0.731315, p10=p10=0.0579381, p11=p11=0.035, p12=p12=0.02, p13=p13=0.0093, p14=p14=0.509627, p15=p15=0, p16=p16=0, p17=p17=0.0023, p18=p18=0.977368, p19=p19=49.3658, p20=p20=0.221091, p21=p21=39.6923, p22=p22=54.7427, p23=p23=0
     p.d.f value is less than zero (-2.732516), forcing value to zero @ x=x=0.102734, y=y=0neu(idx = 0)
, neueff=neueff=0.613384, p0=p0=4.49287, p1=p1=7.07293, p2=p2=4.27869, p3=p3=2.47553, p4=p4=2.39016, p5=p5=4.50096, p6=p6=0.0123776, p7=p7=0.0031055, p8=p8=1.13445, p9=p9=0.731315, p10=p10=0.0579381, p11=p11=0.035, p12=p12=0.02, p13=p13=0.0093, p14=p14=0.509627, p15=p15=0, p16=p16=0, p17=p17=0.0023, p18=p18=0.977368, p19=p19=49.3658, p20=p20=0.221091, p21=p21=39.6923, p22=p22=54.7427, p23=p23=0
     p.d.f value is less than zero (-6.901808), forcing value to zero @ x=x=0.0587891, y=y=0neu(idx = 0)
, neueff=neueff=0.613384, p0=p0=4.49287, p1=p1=7.07293, p2=p2=4.27869, p3=p3=2.47553, p4=p4=2.39016, p5=p5=4.50096, p6=p6=0.0123776, p7=p7=0.0031055, p8=p8=1.13445, p9=p9=0.731315, p10=p10=0.0579381, p11=p11=0.035, p12=p12=0.02, p13=p13=0.0093, p14=p14=0.509627, p15=p15=0, p16=p16=0, p17=p17=0.0023, p18=p18=0.977368, p19=p19=49.3658, p20=p20=0.221091, p21=p21=39.6923, p22=p22=54.7427, p23=p23=0
     p.d.f value is less than zero (-5.146306), forcing value to zero @ x=x=0.0763672, y=y=0neu(idx = 0)
, neueff=neueff=0.613384, p0=p0=4.49287, p1=p1=7.07293, p2=p2=4.27869, p3=p3=2.47553, p4=p4=2.39016, p5=p5=4.50096, p6=p6=0.0123776, p7=p7=0.0031055, p8=p8=1.13445, p9=p9=0.731315, p10=p10=0.0579381, p11=p11=0.035, p12=p12=0.02, p13=p13=0.0093, p14=p14=0.509627, p15=p15=0, p16=p16=0, p17=p17=0.0023, p18=p18=0.977368, p19=p19=49.3658, p20=p20=0.221091, p21=p21=39.6923, p22=p22=54.7427, p23=p23=0
     p.d.f value is less than zero (-3.507912), forcing value to zero @ x=x=0.0939453, y=y=0neu(idx = 0)
, neueff=neueff=0.613384, p0=p0=4.49287, p1=p1=7.07293, p2=p2=4.27869, p3=p3=2.47553, p4=p4=2.39016, p5=p5=4.50096, p6=p6=0.0123776, p7=p7=0.0031055, p8=p8=1.13445, p9=p9=0.731315, p10=p10=0.0579381, p11=p11=0.035, p12=p12=0.02, p13=p13=0.0093, p14=p14=0.509627, p15=p15=0, p16=p16=0, p17=p17=0.0023, p18=p18=0.977368, p19=p19=49.3658, p20=p20=0.221091, p21=p21=39.6923, p22=p22=54.7427, p23=p23=0
     p.d.f value is less than zero (-1.986087), forcing value to zero @ x=x=0.111523, y=y=0neu(idx = 0)
, neueff=neueff=0.613384, p0=p0=4.49287, p1=p1=7.07293, p2=p2=4.27869, p3=p3=2.47553, p4=p4=2.39016, p5=p5=4.50096, p6=p6=0.0123776, p7=p7=0.0031055, p8=p8=1.13445, p9=p9=0.731315, p10=p10=0.0579381, p11=p11=0.035, p12=p12=0.02, p13=p13=0.0093, p14=p14=0.509627, p15=p15=0, p16=p16=0, p17=p17=0.0023, p18=p18=0.977368, p19=p19=49.3658, p20=p20=0.221091, p21=p21=39.6923, p22=p22=54.7427, p23=p23=0
     p.d.f value is less than zero (-0.579017), forcing value to zero @ x=x=0.129102, y=y=0neu(idx = 0)
, neueff=neueff=0.613384, p0=p0=4.49287, p1=p1=7.07293, p2=p2=4.27869, p3=p3=2.47553, p4=p4=2.39016, p5=p5=4.50096, p6=p6=0.0123776, p7=p7=0.0031055, p8=p8=1.13445, p9=p9=0.731315, p10=p10=0.0579381, p11=p11=0.035, p12=p12=0.02, p13=p13=0.0093, p14=p14=0.509627, p15=p15=0, p16=p16=0, p17=p17=0.0023, p18=p18=0.977368, p19=p19=49.3658, p20=p20=0.221091, p21=p21=39.6923, p22=p22=54.7427, p23=p23=0
     p.d.f value is less than zero (-7.358898), forcing value to zero @ x=x=0.0543945, y=y=0neu(idx = 0)
, neueff=neueff=0.613384, p0=p0=4.49287, p1=p1=7.07293, p2=p2=4.27869, p3=p3=2.47553, p4=p4=2.39016, p5=p5=4.50096, p6=p6=0.0123776, p7=p7=0.0031055, p8=p8=1.13445, p9=p9=0.731315, p10=p10=0.0579381, p11=p11=0.035, p12=p12=0.02, p13=p13=0.0093, p14=p14=0.509627, p15=p15=0, p16=p16=0, p17=p17=0.0023, p18=p18=0.977368, p19=p19=49.3658, p20=p20=0.221091, p21=p21=39.6923, p22=p22=54.7427, p23=p23=0
     p.d.f value is less than zero (-6.451980), forcing value to zero @ x=x=0.0631836, y=y=0neu(idx = 0)
, neueff=neueff=0.613384, p0=p0=4.49287, p1=p1=7.07293, p2=p2=4.27869, p3=p3=2.47553, p4=p4=2.39016, p5=p5=4.50096, p6=p6=0.0123776, p7=p7=0.0031055, p8=p8=1.13445, p9=p9=0.731315, p10=p10=0.0579381, p11=p11=0.035, p12=p12=0.02, p13=p13=0.0093, p14=p14=0.509627, p15=p15=0, p16=p16=0, p17=p17=0.0023, p18=p18=0.977368, p19=p19=49.3658, p20=p20=0.221091, p21=p21=39.6923, p22=p22=54.7427, p23=p23=0
    ... (remaining 250 messages suppressed)

[#0] WARNING:Minization -- RooMinimizerFcn: Minimized function has error status.
Returning maximum FCN so far (8103.05) to force MIGRAD to back out of this region. Error log follows
Parameter values: p0=4.42886, p10=0.0258046, p14=0.464358, p18=0.742858, p19=93.1403, p20=5.06624, p21=13.8482, p22=17.6058, p9=0.894407
RooNLLVar::nll_signal_data[ paramSet=(neueff,p0,p1,p10,p11,p12,p13,p14,p15,p16,p17,p18,p19,p2,p20,p21,p22,p23,p3,p4,p5,p6,p7,p8,p9) ]
     function value is NAN @ paramSet=(neueff = 0.613384,p0 = 4.42886,p1 = 7.07293,p10 = 0.0258046,p11 = 0.035,p12 = 0.02,p13 = 0.0093,p14 = 0.464358,p15 = 0,p16 = 0,p17 = 0.0023,p18 = 0.742858,p19 = 93.1403,p2 = 4.27869,p20 = 5.06624,p21 = 13.8482,p22 = 17.6058,p23 = 0,p3 = 2.47553,p4 = 2.39016,p5 = 4.50096,p6 = 0.0123776,p7 = 0.0031055,p8 = 1.13445,p9 = 0.894407)
fitF::signal[ x=x y=y neueff=neueff p0=p0 p1=p1 p2=p2 p3=p3 p4=p4 p5=p5 p6=p6 p7=p7 p8=p8 p9=p9 p10=p10 p11=p11 p12=p12 p13=p13 p14=p14 p15=p15 p16=p16 p17=p17 p18=p18 p19=p19 p20=p20 p21=p21 p22=p22 p23=p23 ]
     p.d.f value is less than zero (-0.925740), forcing value to zero @ x=x=0.05, y=y=0neu(idx = 0)
, neueff=neueff=0.613384, p0=p0=4.42886, p1=p1=7.07293, p2=p2=4.27869, p3=p3=2.47553, p4=p4=2.39016, p5=p5=4.50096, p6=p6=0.0123776, p7=p7=0.0031055, p8=p8=1.13445, p9=p9=0.894407, p10=p10=0.0258046, p11=p11=0.035, p12=p12=0.02, p13=p13=0.0093, p14=p14=0.464358, p15=p15=0, p16=p16=0, p17=p17=0.0023, p18=p18=0.742858, p19=p19=93.1403, p20=p20=5.06624, p21=p21=13.8482, p22=p22=17.6058, p23=p23=0
     p.d.f value is less than zero (-0.058981), forcing value to zero @ x=x=0.0543945, y=y=0neu(idx = 0)
, neueff=neueff=0.613384, p0=p0=4.42886, p1=p1=7.07293, p2=p2=4.27869, p3=p3=2.47553, p4=p4=2.39016, p5=p5=4.50096, p6=p6=0.0123776, p7=p7=0.0031055, p8=p8=1.13445, p9=p9=0.894407, p10=p10=0.0258046, p11=p11=0.035, p12=p12=0.02, p13=p13=0.0093, p14=p14=0.464358, p15=p15=0, p16=p16=0, p17=p17=0.0023, p18=p18=0.742858, p19=p19=93.1403, p20=p20=5.06624, p21=p21=13.8482, p22=p22=17.6058, p23=p23=0
     p.d.f value is less than zero (-0.498808), forcing value to zero @ x=x=0.0521557, y=y=0neu(idx = 0)
, neueff=neueff=0.613384, p0=p0=4.42886, p1=p1=7.07293, p2=p2=4.27869, p3=p3=2.47553, p4=p4=2.39016, p5=p5=4.50096, p6=p6=0.0123776, p7=p7=0.0031055, p8=p8=1.13445, p9=p9=0.894407, p10=p10=0.0258046, p11=p11=0.035, p12=p12=0.02, p13=p13=0.0093, p14=p14=0.464358, p15=p15=0, p16=p16=0, p17=p17=0.0023, p18=p18=0.742858, p19=p19=93.1403, p20=p20=5.06624, p21=p21=13.8482, p22=p22=17.6058, p23=p23=0
     getLogVal() top-level p.d.f evaluates to zero @ x=x=0.0521557, y=y=0neu(idx = 0)
, neueff=neueff=0.613384, p0=p0=4.42886, p1=p1=7.07293, p2=p2=4.27869, p3=p3=2.47553, p4=p4=2.39016, p5=p5=4.50096, p6=p6=0.0123776, p7=p7=0.0031055, p8=p8=1.13445, p9=p9=0.894407, p10=p10=0.0258046, p11=p11=0.035, p12=p12=0.02, p13=p13=0.0093, p14=p14=0.464358, p15=p15=0, p16=p16=0, p17=p17=0.0023, p18=p18=0.742858, p19=p19=93.1403, p20=p20=5.06624, p21=p21=13.8482, p22=p22=17.6058, p23=p23=0
     p.d.f value is less than zero (-0.680284), forcing value to zero @ x=x=0.0512373, y=y=0neu(idx = 0)
, neueff=neueff=0.613384, p0=p0=4.42886, p1=p1=7.07293, p2=p2=4.27869, p3=p3=2.47553, p4=p4=2.39016, p5=p5=4.50096, p6=p6=0.0123776, p7=p7=0.0031055, p8=p8=1.13445, p9=p9=0.894407, p10=p10=0.0258046, p11=p11=0.035, p12=p12=0.02, p13=p13=0.0093, p14=p14=0.464358, p15=p15=0, p16=p16=0, p17=p17=0.0023, p18=p18=0.742858, p19=p19=93.1403, p20=p20=5.06624, p21=p21=13.8482, p22=p22=17.6058, p23=p23=0
     getLogVal() top-level p.d.f evaluates to zero @ x=x=0.0512373, y=y=0neu(idx = 0)
, neueff=neueff=0.613384, p0=p0=4.42886, p1=p1=7.07293, p2=p2=4.27869, p3=p3=2.47553, p4=p4=2.39016, p5=p5=4.50096, p6=p6=0.0123776, p7=p7=0.0031055, p8=p8=1.13445, p9=p9=0.894407, p10=p10=0.0258046, p11=p11=0.035, p12=p12=0.02, p13=p13=0.0093, p14=p14=0.464358, p15=p15=0, p16=p16=0, p17=p17=0.0023, p18=p18=0.742858, p19=p19=93.1403, p20=p20=5.06624, p21=p21=13.8482, p22=p22=17.6058, p23=p23=0
     p.d.f value is less than zero (-0.087264), forcing value to zero @ x=x=0.05425, y=y=0neu(idx = 0)
, neueff=neueff=0.613384, p0=p0=4.42886, p1=p1=7.07293, p2=p2=4.27869, p3=p3=2.47553, p4=p4=2.39016, p5=p5=4.50096, p6=p6=0.0123776, p7=p7=0.0031055, p8=p8=1.13445, p9=p9=0.894407, p10=p10=0.0258046, p11=p11=0.035, p12=p12=0.02, p13=p13=0.0093, p14=p14=0.464358, p15=p15=0, p16=p16=0, p17=p17=0.0023, p18=p18=0.742858, p19=p19=93.1403, p20=p20=5.06624, p21=p21=13.8482, p22=p22=17.6058, p23=p23=0
     getLogVal() top-level p.d.f evaluates to zero @ x=x=0.05425, y=y=0neu(idx = 0)
, neueff=neueff=0.613384, p0=p0=4.42886, p1=p1=7.07293, p2=p2=4.27869, p3=p3=2.47553, p4=p4=2.39016, p5=p5=4.50096, p6=p6=0.0123776, p7=p7=0.0031055, p8=p8=1.13445, p9=p9=0.894407, p10=p10=0.0258046, p11=p11=0.035, p12=p12=0.02, p13=p13=0.0093, p14=p14=0.464358, p15=p15=0, p16=p16=0, p17=p17=0.0023, p18=p18=0.742858, p19=p19=93.1403, p20=p20=5.06624, p21=p21=13.8482, p22=p22=17.6058, p23=p23=0

 MIGRAD MINIMIZATION HAS CONVERGED.
 MIGRAD WILL VERIFY CONVERGENCE AND ERROR MATRIX.
 COVARIANCE MATRIX CALCULATED SUCCESSFULLY
 FCN=3558.52 FROM MIGRAD    STATUS=CONVERGED     555 CALLS         556 TOTAL
                     EDM=9.56415e-05    STRATEGY= 1      ERROR MATRIX ACCURATE 
  EXT PARAMETER                                   STEP         FIRST   
  NO.   NAME      VALUE            ERROR          SIZE      DERIVATIVE 
   1  p0           1.96364e+01   2.83179e+00   1.48873e-03   1.38977e-01
   2  p10          2.13436e-07   1.43445e-01   3.18445e-02** at limit **
   3  p14          7.78744e-07   6.55369e-01   4.85786e-02   1.25834e-03
   4  p18          7.91224e-02   5.07009e-02   6.76831e-03  -3.66132e-03
   5  p19          3.57804e+02   4.09927e+02   4.38689e-03  -4.56124e-02
   6  p20          9.84159e+00   9.04272e+00   5.91904e-04   4.79771e-01
   7  p21          5.40550e-01   5.04716e-01   4.20098e-04  -4.55846e-01
   8  p22          2.02755e-01   1.92800e-01   4.07542e-04  -7.26377e-02
   9  p9           7.32514e-01   1.10926e-01   8.31225e-03   2.15977e-02
                               ERR DEF= 0.5
 EXTERNAL ERROR MATRIX.    NDIM=  25    NPAR=  9    ERR DEF=0.5
  8.047e+00  1.728e-05  3.458e-05 -1.682e-02  5.893e+01 -3.315e+00 -1.739e-01 -6.698e-02  1.371e-01 
  1.728e-05  1.288e-07 -9.265e-11 -4.685e-08  1.259e-04 -6.903e-06 -4.041e-07 -1.425e-07  1.332e-07 
  3.458e-05 -9.265e-11  1.092e-06  6.188e-07  2.702e-04 -1.468e-05 -1.107e-06 -3.029e-07  2.395e-07 
 -1.682e-02 -4.685e-08  6.188e-07  2.601e-03 -1.886e-01  8.383e-03  3.610e-04  2.495e-04  2.137e-03 
  5.893e+01  1.259e-04  2.702e-04 -1.886e-01  1.082e+05  2.934e+03  1.613e+02  6.054e+01  9.310e-01 
 -3.315e+00 -6.903e-06 -1.468e-05  8.383e-03  2.934e+03  8.299e+01  4.550e+00  1.709e+00 -5.699e-02 
 -1.739e-01 -4.041e-07 -1.107e-06  3.610e-04  1.613e+02  4.550e+00  2.551e-01  9.381e-02 -3.199e-03 
 -6.698e-02 -1.425e-07 -3.029e-07  2.495e-04  6.054e+01  1.709e+00  9.381e-02  3.719e-02 -1.075e-03 
  1.371e-01  1.332e-07  2.395e-07  2.137e-03  9.310e-01 -5.699e-02 -3.199e-03 -1.075e-03  1.257e-02 
 PARAMETER  CORRELATION COEFFICIENTS  
       NO.  GLOBAL      1      2      3      4      5      6      7      8      9
        1  0.93633   1.000  0.017  0.012 -0.116  0.063 -0.128 -0.121 -0.122  0.431
        2  0.01773   0.017  1.000 -0.000 -0.003  0.001 -0.002 -0.002 -0.002  0.003
        3  0.02127   0.012 -0.000  1.000  0.012  0.001 -0.002 -0.002 -0.002  0.002
        4  0.49252  -0.116 -0.003  0.012  1.000 -0.011  0.018  0.014  0.025  0.374
        5  0.99733   0.063  0.001  0.001 -0.011  1.000  0.979  0.971  0.954  0.025
        6  0.99767  -0.128 -0.002 -0.002  0.018  0.979  1.000  0.989  0.973 -0.056
        7  0.98900  -0.121 -0.002 -0.002  0.014  0.971  0.989  1.000  0.963 -0.056
        8  0.97302  -0.122 -0.002 -0.002  0.025  0.954  0.973  0.963  1.000 -0.050
        9  0.60709   0.431  0.003  0.002  0.374  0.025 -0.056 -0.056 -0.050  1.000
 **********
 **   16 **SET ERR         0.5
 **********
 **********
 **   17 **SET PRINT           1
 **********
 **********
 **   18 **HESSE        4500
 **********
 COVARIANCE MATRIX CALCULATED SUCCESSFULLY
 FCN=3558.52 FROM HESSE     STATUS=OK             73 CALLS         629 TOTAL
                     EDM=9.60248e-05    STRATEGY= 1      ERROR MATRIX ACCURATE 
  EXT PARAMETER                                INTERNAL      INTERNAL  
  NO.   NAME      VALUE            ERROR       STEP SIZE       VALUE   
   1  p0           1.96364e+01   2.86779e+00   2.97747e-04  -3.32224e-01
   2  p10          2.13436e-07   1.43458e-01   6.36890e-03  -1.57172e+00
                                 WARNING -   - ABOVE PARAMETER IS AT LIMIT.
   3  p14          7.78744e-07   6.55363e-01   9.71571e-03  -1.56903e+00
   4  p18          7.91224e-02   5.08087e-02   1.35366e-03  -2.14107e+00
   5  p19          3.57804e+02   3.87180e+02   8.77378e-04   4.45840e-01
   6  p20          9.84159e+00   1.73040e+01   1.18381e-04  -1.12342e+00
   7  p21          5.40550e-01   9.76933e-01   8.40196e-05  -1.42362e+00
   8  p22          2.02755e-01   3.68933e-01   8.15084e-05  -1.48071e+00
   9  p9           7.32514e-01   1.11363e-01   1.66245e-03   4.83666e-01
                               ERR DEF= 0.5
 EXTERNAL ERROR MATRIX.    NDIM=  25    NPAR=  9    ERR DEF=0.5
  8.254e+00  2.648e-06  8.963e-06 -1.746e-02  2.780e+01 -4.305e+00 -2.279e-01 -8.724e-02  1.407e-01 
  2.648e-06  1.288e-07 -3.523e-12 -7.772e-09  9.195e-06 -1.338e-06 -7.715e-08 -2.760e-08  1.898e-08 
  8.963e-06 -3.523e-12  1.092e-06  1.588e-07  3.546e-05 -4.755e-06 -3.376e-07 -9.797e-08  6.581e-08 
 -1.746e-02 -7.772e-09  1.588e-07  2.613e-03 -9.605e-02  1.135e-02  5.223e-04  3.094e-04  2.151e-03 
  2.780e+01  9.195e-06  3.546e-05 -9.605e-02  4.157e+05  1.141e+04  6.267e+02  2.352e+02  4.278e-01 
 -4.305e+00 -1.338e-06 -4.755e-06  1.135e-02  1.141e+04  3.169e+02  1.739e+01  6.527e+00 -7.314e-02 
 -2.279e-01 -7.715e-08 -3.376e-07  5.223e-04  6.267e+02  1.739e+01  9.601e-01  3.583e-01 -4.082e-03 
 -8.724e-02 -2.760e-08 -9.797e-08  3.094e-04  2.352e+02  6.527e+00  3.583e-01  1.364e-01 -1.406e-03 
  1.407e-01  1.898e-08  6.581e-08  2.151e-03  4.278e-01 -7.314e-02 -4.082e-03 -1.406e-03  1.267e-02 
 PARAMETER  CORRELATION COEFFICIENTS  
       NO.  GLOBAL      1      2      3      4      5      6      7      8      9
        1  0.93798   1.000  0.003  0.003 -0.119  0.015 -0.084 -0.081 -0.082  0.435
        2  0.00269   0.003  1.000 -0.000 -0.000  0.000 -0.000 -0.000 -0.000  0.000
        3  0.00544   0.003 -0.000  1.000  0.003  0.000 -0.000 -0.000 -0.000  0.001
        4  0.49580  -0.119 -0.000  0.003  1.000 -0.003  0.012  0.010  0.016  0.374
        5  0.99931   0.015  0.000  0.000 -0.003  1.000  0.994  0.992  0.988  0.006
        6  0.99939  -0.084 -0.000 -0.000  0.012  0.994  1.000  0.997  0.993 -0.036
        7  0.99709  -0.081 -0.000 -0.000  0.010  0.992  0.997  1.000  0.990 -0.037
        8  0.99272  -0.082 -0.000 -0.000  0.016  0.988  0.993  0.990  1.000 -0.034
        9  0.61125   0.435  0.000  0.001  0.374  0.006 -0.036 -0.037 -0.034  1.000
[#1] INFO:Minization -- RooMinimizer::optimizeConst: deactivating const optimization
[#1] INFO:Plotting -- RooTreeData::plotOn: plotting 1484 events out of 1611 total events
[#1] INFO:Plotting -- RooAbsReal::plotOn(signal) plot on x represents a slice in (y)
[#1] INFO:NumericIntegration -- RooRealIntegral::init(signal_Int[x,y]) using numeric integrator RooIntegrator1D to calculate Int(x)
[#1] INFO:Plotting -- RooTreeData::plotOn: plotting 103 events out of 1611 total events
[#1] INFO:Plotting -- RooAbsReal::plotOn(signal) plot on x represents a slice in (y)
[#1] INFO:NumericIntegration -- RooRealIntegral::init(signal_Int[x,y]) using numeric integrator RooIntegrator1D to calculate Int(x)
[#1] INFO:Plotting -- RooTreeData::plotOn: plotting 24 events out of 1611 total events
[#1] INFO:Plotting -- RooAbsReal::plotOn(signal) plot on x represents a slice in (y)
[#1] INFO:NumericIntegration -- RooRealIntegral::init(signal_Int[x,y]) using numeric integrator RooIntegrator1D to calculate Int(x)

********************SUMARRY***************
T1/2= 0.0352991 +/- 0.00515523
P1n= 0.732514 +/- 0.111363
P2n= 0.0791224 +/- 0.0508087

0.0352991	0.00515523
0.732514	0.111363
0.0791224	0.0508087
mlhfitv4("Cd129","../../fittrees/outreeCd129.root","../../fitparms/parmsCd129.txt","../../fitresultmlh/fitresultCd129.root")
19	1600	0	5000
20	200	0	1000
21	5	0	100
22	5	0	100
23	0	0	1
parm 0	4.50096	4.47173	6.93147e-12	13.4444	0
parm 1	1.13445	0.00928353	1.11588	1.15301	1
parm 2	0.825175	0.0589411	0.707293	0.943057	1
parm 3	0.00518047	9.29233e-05	0.00499463	0.00536632	1
parm 4	0.000195572	4.6352e-07	0.000194645	0.000196499	1
parm 5	0.635915	0.00583408	0.624247	0.647583	1
parm 6	4.41001e-05	2.62621e-07	4.35748e-05	4.46253e-05	1
parm 7	2.12752e-05	9.40342e-08	2.10872e-05	2.14633e-05	1
parm 8	9.16861e-05	1.7464e-06	8.81933e-05	9.51789e-05	1
parm 9	0.5	0.5	0	1	0
parm 10	0.5	0.5	0	1	0
parm 11	0.00046	0.00046	0	1	1
parm 12	0	0	0	1	1
parm 13	0	0	0	1	1
parm 14	0.0003	0.0003	0	1	1
parm 15	0	0	0	1	1
parm 16	0	0	0	1	1
parm 17	0	0	0	1	1
parm 18	0.4	0.5	0	1	0
parm 19	1600	1600	0	5000	0
parm 20	200	200	0	1000	0
parm 21	5	5	0	100	0
parm 22	5	5	0	100	0
parm 23	0	0	0	1	1


**************Setting parameters....

variable value p0	val 4.50096	min=6.93147e-12	max=13.4444
fixed value p1	val=1.13445
fixed value p2	val=0.825175
fixed value p3	val=0.00518047
fixed value p4	val=0.000195572
fixed value p5	val=0.635915
fixed value p6	val=4.41001e-05
fixed value p7	val=2.12752e-05
fixed value p8	val=9.16861e-05
variable value p9	val 0.5	min=0	max=1
variable value p10	val 0.5	min=0	max=1
fixed value p11	val=0.00046
fixed value p12	val=0
fixed value p13	val=0
fixed value p14	val=0.0003
fixed value p15	val=0
fixed value p16	val=0
fixed value p17	val=0
variable value p18	val 0.4	min=0	max=1
variable value p19	val 1600	min=0	max=5000
variable value p20	val 200	min=0	max=1000
variable value p21	val 5	min=0	max=100
variable value p22	val 5	min=0	max=100
fixed value p23	val=0
[#1] INFO:DataHandling -- RooAbsCategory::attachToTree(y) TTree branch y will be interpreted as category index
[#1] INFO:Eval -- RooTreeDataStore::loadValues(data) Ignored 33825 out of range events
RooDataSet::data[y,x] = 39084 entries
[#1] INFO:NumericIntegration -- RooRealIntegral::init(signal_Int[x,y]) using numeric integrator RooIntegrator1D to calculate Int(x)
[#1] INFO:Minization -- RooMinimizer::optimizeConst: activating const optimization
 **********
 **    1 **SET PRINT           1
 **********
 **********
 **    2 **SET NOGRAD
 **********
 PARAMETER DEFINITIONS:
    NO.   NAME         VALUE      STEP SIZE      LIMITS
     1 p0           4.50096e+00  1.34444e+00    6.93147e-12  1.34444e+01
     2 p10          5.00000e-01  1.00000e-01    0.00000e+00  1.00000e+00
     3 p18          4.00000e-01  1.00000e-01    0.00000e+00  1.00000e+00
     4 p19          1.60000e+03  5.00000e+02    0.00000e+00  5.00000e+03
     5 p20          2.00000e+02  1.00000e+02    0.00000e+00  1.00000e+03
     6 p21          5.00000e+00  2.50000e+00    0.00000e+00  1.00000e+02
     7 p22          5.00000e+00  2.50000e+00    0.00000e+00  1.00000e+02
     8 p9           5.00000e-01  1.00000e-01    0.00000e+00  1.00000e+00
 **********
 **    3 **SET ERR         0.5
 **********
 **********
 **    4 **SET PRINT           1
 **********
 **********
 **    5 **SET STR           1
 **********
 NOW USING STRATEGY  1: TRY TO BALANCE SPEED AGAINST RELIABILITY
 **********
 **    6 **MIGRAD        4000           1
 **********
 FIRST CALL TO USER FUNCTION AT NEW START POINT, WITH IFLAG=4.
 START MIGRAD MINIMIZATION.  STRATEGY  1.  CONVERGENCE WHEN EDM .LT. 1.00e-03
 FCN=90896.3 FROM MIGRAD    STATUS=INITIATE       32 CALLS          33 TOTAL
                     EDM= unknown      STRATEGY= 1      NO ERROR MATRIX       
  EXT PARAMETER               CURRENT GUESS       STEP         FIRST   
